0.5743484
0.9066353
1.111115
1.231674
1.321758
1.365204
1.394882
1.421543
1.440922
1.450676
1.453861
1.455666
1.450954
1.452
1.449478
1.45018
1.447968
1.441612
1.438118
1.44305
1.442039
1.435417
1.428974
1.424614
1.423653
1.420944
1.425442
1.419277
1.420959
1.418823
1.41888
1.412365
1.419044
1.405464
1.399067
1.400879
1.398125
1.401554
1.401249
1.402802
1.410023
1.398815
1.397701
1.390125
1.392639
1.39481
1.399891
1.390327
1.387474
1.388748
1.388363
1.39072
1.387222
1.378452
1.376862
1.376259
1.376865
1.375042
1.384712
1.370602
1.364746
1.369793
1.377449
1.386559
1.37558
1.369682
1.368984
1.371357
1.371971
1.358433
1.368626
1.374783
1.376709
1.372677
1.367599
1.37331
1.37611
1.363884
1.370899
1.369308
1.371872
1.363876
1.366226
1.357445
1.355434
1.36282
1.367268
1.369877
1.353954
1.355267
1.361515
1.356907
1.348049
1.349854
1.341511
1.342922
1.344563
1.348572
1.358433
1.350342
0.5086403
0.5034409
0.4986916
0.4963951
0.4969444
0.5046921
0.4976501
0.4979515
0.5029869
0.4981575
0.4984131
0.5033875
0.4924927
0.5004311
0.5063705
0.4946175
0.5042458
0.4961929
0.4935799
0.5006142
0.4953232
0.495182
0.4978409
0.5062485
0.501297
0.4973831
0.4985619
0.5059624
0.5005875
0.4937172
0.5000916
0.5041122
0.4946251
0.5017128
0.5045128
0.4968185
0.4972878
0.4961243
0.5056534
0.4985847
0.501606
0.5037842
0.4982033
0.4968414
0.5037651
0.5035591
0.4969215
0.5052223
0.5059547
0.4979172
0.4958458
0.5043983
0.5042152
0.5025368
0.4945107
0.5026398
0.4946556
0.5004654
0.5031166
0.4924316
0.4914818
0.5067711
0.5065002
0.4945984
0.5043564
0.4983406
0.5036659
0.5057793
0.4944534
0.5004387
0.5048828
0.492897
0.4994965
0.4972229
0.4982224
0.5052261
0.4993286
0.4937744
0.5060234
0.4976311
0.4960442
0.5048561
0.4912758
0.492691
0.5074844
0.5046997
0.4934158
0.5073929
0.5073776
0.5052147
0.4974823
0.4953232
0.5037308
0.4974518
0.4951477
0.5037422
0.4997826
0.4942169
0.4987564
0.5042496
0.4946098
0.5041542
0.5012512
0.4939156
0.5029411
0.507679
0.4933472
0.5051231
0.4915199
0.5081291
0.4991684
0.4932098
0.5058479
0.4948311
0.489727
0.5032578
0.5050201
0.4882507
0.5073318
0.5011101
0.4979744
0.5061455
0.4930496
0.4981651
0.5050774
0.4949608
0.5031815
0.5060844
0.495636
0.505661
0.4944839
0.4954529
0.5018387
0.500618
0.4944191
0.5048981
0.4924507
0.5013695
0.5006218
0.4968071
0.5030823
0.508934
0.4930077
0.5090675
0.5093765
0.4879303
0.4960251
0.5027962
0.503746
0.4944534
0.8170128
1.017044
1.153851
1.240677
1.30212
1.336361
1.364578
1.381416
1.387909
1.394939
1.39819
1.402924
1.408405
1.398159
1.398098
1.402534
1.3993
1.402256
1.388973
1.385139
1.391171
1.393951
1.394188
1.393112
1.389702
1.38726
1.396484
1.387226
1.382954
1.380943
1.381054
1.396767
1.383392
1.385517
1.384254
1.382351
1.375946
1.37355
1.379627
1.370682
1.364502
1.357841
1.365036
1.371265
1.361412
1.367126
1.374229
1.371265
1.376644
1.378708
0.4857025
0.5005226
0.504467
0.493103
0.4948006
0.5024109
0.5058403
0.4983521
0.4950523
0.4989204
0.4959526
0.4917679
0.5004501
0.5033722
0.503273
0.4927139
0.5029068
0.5047874
0.4938889
0.504921
0.494976
0.5039902
0.506424
0.4955978
0.4927902
0.4985542
0.5080261
0.4943428
0.5052872
0.494339
0.4999504
0.5042267
0.4995308
0.4955063
0.4968605
0.5022697
0.4974747
0.4959068
0.4985847
0.5039139
0.503273
0.4954224
0.4972572
0.5065804
0.4923859
0.4964447
0.5060425
0.5029182
0.4992142
0.4973297
0.5045166
0.5006065
0.5006523
0.4994507
0.4951401
0.500782
0.4999275
0.4944649
0.5025291
0.5049973
0.4938202
0.4949989
0.5039139
0.4975586
0.4945259
0.5059319
0.496521
0.5028877
0.504734
0.4981575
0.4955673
0.5028648
0.5011215
0.4933014
0.5062981
0.5014725
0.4879265
0.4996147
0.5058136
0.4918404
0.4965401
0.4994507
0.4998016
0.4953995
0.5068398
0.4920616
0.4926071
0.5027809
0.50737
0.495182
0.50597
0.5016899
0.4865303
0.4985886
0.5034065
0.5004768
0.494648
0.503685
0.492775
0.492115
0.502739
0.4951477
0.4988823
0.5009995
0.4966621
0.5032005
0.4917336
0.5026093
0.5069122
0.4971771
0.5030632
0.5103149
0.5074921
0.4948578
0.5017395
0.496212
0.493145
0.5070953
0.4984055
0.5014343
0.5040512
0.4887085
0.5002022
0.5018578
0.4972954
0.5037308
0.4952087
0.50457
0.4928665
0.4959869
0.5036507
0.4874725
0.5001259
0.5074654
0.4971428
0.4965401
0.5036736
0.495945
0.5019608
0.4989281
0.4934158
0.5001144
0.507576
0.4953194
0.4998093
0.5002937
0.4951515
0.5070229
0.4910088
0.5063591
0.4993553
0.5019417
0.5061264
0.4928398
0.5049553
0.5067635
0.4936981
0.4957161
0.506279
0.4946098
0.4975853
0.5060272
0.505024
0.4958305
0.5032082
0.4961739
0.4903526
0.4987831
0.4997444
0.4979515
0.5031052
0.4959145
0.5002403
0.5029297
0.4963951
0.5038834
0.5008049
0.4948997
0.5063171
0.4872971
0.5057106
0.5024986
0.4927444
0.500103
0.5045013
0.493763
0.5025253
0.5019188
0.4942284
0.5061035
0.4876556
0.4930573
0.5038185
0.5058403
0.4941139
0.5049744
0.4988327
0.4918861
0.4996223
0.5058441
0.8225975
1.032734
1.169773
1.244961
1.30069
1.353832
1.373394
1.388668
1.39658
1.402702
1.409897
1.411808
1.418411
1.423595
1.413551
1.418289
1.415333
1.411297
1.408539
1.409737
1.412392
1.40995
1.416172
1.408978
1.405972
1.411293
1.409092
1.403618
1.408195
1.4044
1.416988
1.402481
1.401546
1.394352
1.391212
1.393669
1.401928
1.399788
1.388931
1.388962
1.384171
1.392651
1.390953
1.391811
1.392944
1.382156
1.382027
1.385811
1.376656
1.38076
1.388287
1.384186
1.377777
1.374683
1.37524
1.366882
1.374329
1.383419
1.371006
1.371002
1.375439
1.371384
1.378193
1.381805
1.366413
1.367168
1.365982
1.359798
1.362103
1.366127
1.362774
1.369106
1.374035
1.362926
1.364758
1.368603
1.361568
1.366455
1.370289
1.362125
1.364056
1.359241
1.356583
1.362999
1.349499
1.34951
1.354816
1.34576
1.352695
1.352264
1.344318
1.346596
1.350742
1.336918
1.348206
1.345802
1.350903
1.353436
1.34621
1.357002
1.348
1.352371
1.359947
1.349899
1.349957
1.345722
1.347881
1.355591
1.344418
1.347042
1.358631
1.349709
1.350838
1.346359
1.350128
1.345577
1.340763
1.350834
1.344734
1.348816
1.350395
1.347225
1.351791
1.344151
1.345375
1.340149
1.340473
1.343567
1.340008
1.343422
1.347824
1.339306
1.342396
1.338631
1.333721
1.338722
1.338245
1.34557
1.341969
1.343987
1.342102
1.332623
1.340763
1.335686
1.335709
1.33181
1.333958
1.341236
1.334919
1.331844
1.330845
1.332283
1.339706
1.333939
1.330666
1.331802
1.335556
1.333599
1.336296
1.346756
1.33606
1.331299
1.326744
1.325687
1.328236
1.327629
1.333668
1.325447
1.33913
1.33569
1.332649
1.341145
1.337498
1.343945
1.330856
1.340572
1.341892
1.333237
1.339436
1.332077
1.338459
1.333961
1.33593
1.334053
1.327209
1.333839
1.323082
1.331512
1.324059
1.32914
1.327633
1.327702
1.330173
1.316174
1.327049
1.319069
1.324127
1.321907
1.328644
1.329433
1.326424
1.333206
1.329594
1.334988
1.324696
1.336349
1.330482
1.331791
1.33424
1.333199
1.33596
1.334602
1.340485
1.334415
1.337944
1.333618
1.326721
1.327713
1.322273
1.322475
1.323471
1.325798
1.320606
1.324905
1.319279
1.320793
1.321079
1.321339
1.326408
1.321251
1.321827
1.324532
1.32143
1.321545
1.324207
1.332138
1.327206
1.327667
1.323654
1.324108
1.327332
1.326698
1.329052
1.325432
1.328571
1.322201
1.321129
1.322033
1.322891
1.336597
0.5024529
0.4959526
0.4958191
0.4972992
0.506012
0.5065956
0.5053101
0.4980202
0.4923439
0.4945526
0.4983292
0.5055733
0.5025177
0.4931908
0.4956284
0.4967041
0.4970398
0.5059471
0.4965935
0.5043983
0.5020561
0.493351
0.4970207
0.502636
0.502121
0.5034332
0.5041008
0.502636
0.4978867
0.4978027
0.4988747
0.5039368
0.5015106
0.4915886
0.5020828
0.5017319
0.4932556
0.502655
0.5028343
0.4958191
0.4997101
0.4955902
0.5047302
0.4951019
0.4939537
0.4960022
0.5011673
0.4948425
0.497921
0.5021095
0.7865143
0.9910278
1.105343
1.189236
1.25235
1.29306
1.324104
1.34219
1.357597
1.359409
1.364166
1.376041
1.366974
1.365608
1.373474
1.372807
1.364128
1.365196
1.37207
1.366856
1.365181
1.359245
1.355934
1.364273
1.365208
1.370556
1.364712
1.361073
1.354816
1.350037
1.350792
1.352558
1.349739
1.354694
1.343784
1.344368
1.344078
1.344673
1.341469
1.346111
1.357376
1.346226
1.356678
1.351357
1.348904
1.352795
1.352379
1.348583
1.342995
1.34058
0.5006027
0.4968109
0.4980392
0.5068092
0.5040627
0.5052872
0.4942436
0.4938965
0.4999657
0.5042725
0.5007248
0.4997139
0.498848
0.494976
0.4969673
0.5009766
0.5009804
0.5039444
0.500885
0.4932785
0.4974442
0.5055389
0.5043373
0.497654
0.4985847
0.5006447
0.4914589
0.5033607
0.5033607
0.4913712
0.5041924
0.5038414
0.4948273
0.4947243
0.5023651
0.5063286
0.5014915
0.5026817
0.4986534
0.4968224
0.5080681
0.5001945
0.4948006
0.4973869
0.503624
0.5023727
0.4926491
0.4927521
0.4923706
0.4985847
0.8019905
0.9937935
1.116058
1.204514
1.26754
1.310379
1.327282
1.33844
1.3466
1.357857
1.36871
1.367561
1.361694
1.358749
1.36063
1.362617
1.353962
1.359966
1.359028
1.365784
1.365372
1.36784
1.373463
1.36021
1.359505
1.366611
1.363804
1.3577
1.362499
1.370972
1.360664
1.362576
1.360523
1.351494
1.347809
1.351639
1.347332
1.348053
1.348083
1.350269
1.350498
1.35051
1.356594
1.344666
1.352245
1.351707
1.346245
1.347
1.348637
1.337376
0.5062561
0.4988708
0.498558
0.5003471
0.4933434
0.4968605
0.5061874
0.4971771
0.496067
0.5023422
0.502018
0.4934731
0.5028992
0.5058975
0.4976387
0.4938507
0.5076332
0.5039597
0.497406
0.4947662
0.5018692
0.5070076
0.5012741
0.500927
0.4958916
0.497303
0.496357
0.5049133
0.499752
0.4948921
0.4960556
0.5027199
0.5053368
0.4927788
0.4986496
0.4938431
0.5033455
0.5069389
0.4984093
0.4855576
0.4989204
0.5051498
0.4974976
0.5050201
0.4995422
0.4949493
0.4970551
0.504673
0.4965935
0.5005646
0.5070724
