0.6051674
4.538712
9.227402
15.07845
18.64502
23.06188
17.36864
19.71303
25.10622
29.69247
35.03617
40.53893
41.40934
43.26383
40.16999
46.81544
52.74331
57.74451
62.37259
51.69176
54.09846
58.40967
64.51315
70.66273
62.44246
64.38248
71.69042
78.93801
68.53882
73.98728
74.9111
81.25169
73.03667
80.26522
81.79581
85.98338
84.23784
89.85035
91.43318
83.96369
90.60976
97.42326
89.8499
92.53706
100.1624
101.3006
95.30789
101.3557
104.2891
99.89761
101.3867
106.9507
102.3986
104.6999
106.4979
106.5411
113.8555
106.2664
108.6642
117.7465
105.5676
113.6005
122.4017
109.7201
117.8345
116.1528
118.4485
123.457
115.772
122.2229
120.3815
120.0855
129.2429
118.7585
127.7021
128.3071
124.3292
133.7938
127.0968
130.2822
130.9878
129.5479
136.8242
129.8022
134.7153
129.7384
138.0904
130.7704
136.8711
139.4202
133.5561
143.7865
137.2766
141.657
133.8943
137.6107
134.1088
141.8251
138.5966
141.0326
148.6037
141.3336
151.278
138.6192
148.1302
141.7509
141.9482
137.8915
140.4915
143.2754
135.7879
136.4784
126.1786
132.1815
132.5502
125.1297
132.8627
122.9082
122.7302
129.2273
120.9971
120.7157
117.7032
118.6112
118.4701
112.312
117.7691
117.5901
109.3758
113.9137
119.7341
107.0364
110.8781
115.6547
105.5413
105.2685
112.2925
105.4689
104.8035
111.0423
102.9625
106.1294
106.6169
98.36008
101.47
106.3458
97.76176
97.25682
102.0345
96.24827
92.12157
96.78587
102.6519
93.52141
93.74856
100.6051
93.42928
94.86917
94.11768
97.63422
91.23531
94.28616
95.58311
88.90775
92.61717
96.69269
92.22233
89.03628
92.24334
96.5913
87.36434
87.2757
91.89238
96.87658
82.95149
87.13755
91.18449
87.5242
84.96886
82.92105
88.48701
81.84868
84.18523
82.64503
88.09573
80.41627
81.78788
85.20678
84.56521
77.30614
79.74479
83.52711
83.00748
74.12889
79.66325
83.37686
86.67827
76.76452
75.5735
79.58253
84.14562
76.72927
73.91892
78.77326
83.58086
76.29215
75.70941
73.11269
77.49706
73.45323
72.50084
75.91992
74.47905
78.13009
69.9836
74.35364
77.97984
76.86688
67.22336
69.7674
73.3191
77.53346
70.44421
66.65459
70.32931
74.10531
77.9883
67.01357
66.4837
70.64484
74.62156
67.62158
66.43884
68.66921
67.56657
72.39919
66.06456
67.64944
70.97284
70.20131
71.52549
64.14519
66.64623
68.88257
71.6566
63.23027
58.96535
63.3539
67.36292
71.93636
66.8222
66.31681
72.30894
80.72014
78.57397
76.56639
84.16832
91.744
86.25931
87.97014
96.14048
89.59578
95.60509
97.5979
93.77624
97.97378
105.8859
98.56764
103.2763
111.5937
99.25986
107.4929
115.2758
109.0442
110.7518
119.7
114.1402
115.2437
113.5403
114.8855
119.248
112.5046
121.8112
122.6128
120.0923
127.7663
115.231
124.4888
131.861
122.9649
131.7216
124.4685
126.9555
126.4561
129.7508
133.8241
130.3143
136.0545
126.3786
133.6254
138.7937
134.6709
143.371
132.0573
138.1463
132.3198
131.4415
139.7202
132.3403
132.7623
124.2096
129.4753
131.3901
124.3394
129.088
117.3949
119.9826
125.9155
117.5968
118.1635
125.2797
115.9522
115.3779
115.5945
110.3757
110.7247
107.6735
109.5122
114.8473
107.3121
107.4961
111.5537
106.3164
102.0049
107.6909
103.9216
99.96267
106.1123
103.5906
101.6699
101.3342
103.2669
99.00191
103.2847
104.9405
95.53548
99.60316
99.67696
89.78653
95.78168
100.9899
98.37147
94.49561
99.83112
100.4307
96.54484
94.37624
99.1049
91.14337
94.66605
94.7953
93.67806
92.16216
95.95543
96.26019
86.81552
91.18867
95.056
88.43671
87.57476
90.82294
95.72552
83.9928
86.87418
89.89681
94.41238
83.72319
82.72149
88.02621
88.50926
84.74928
83.63018
89.9795
85.01907
82.61237
86.13567
85.65156
80.17594
80.95993
84.26819
84.0802
77.49198
81.27128
84.8811
88.2255
74.3475
77.97379
81.65615
86.14787
76.73604
75.50871
80.00202
85.25191
76.06242
79.35395
77.59995
80.93127
74.56103
75.18951
78.20263
78.6523
72.97606
74.45341
77.90943
76.97048
75.16068
71.17462
74.56165
77.86137
76.10168
67.5648
72.22305
76.22192
80.02178
74.37643
69.89841
72.97125
76.6837
72.77
69.02471
66.8481
70.812
75.61916
68.69965
70.4865
69.36463
74.61203
70.92468
69.73447
70.57906
72.30307
70.1561
62.82769
64.07095
67.20529
70.88623
70.24146
61.76261
66.53391
69.4289
72.67494
72.67521
58.25132
62.81665
65.92642
69.66788
67.60903
63.7054
62.19065
66.98615
71.60115
67.09154
66.94949
68.07321
65.79807
69.27483
62.03409
62.53298
64.86535
62.76663
67.53578
62.66177
63.76121
66.67818
70.06842
68.4652
61.9352
62.33369
63.9159
66.73533
69.33865
56.16497
57.26493
60.57506
64.36681
68.61785
62.33885
57.17619
61.05268
64.59886
67.6685
60.26282
59.20202
61.66364
59.83042
64.13477
61.86506
57.43307
62.26996
66.06305
67.17022
64.59058
67.42577
72.61246
73.15675
70.20781
74.5183
81.32833
89.63886
79.52058
87.04819
94.30913
93.23097
89.24091
96.1216
99.14121
97.29198
98.97272
107.1617
102.4705
103.3124
110.171
104.6685
110.2325
110.0264
110.534
117.253
112.2666
114.1907
121.4164
108.0258
116.221
125.6467
116.6278
123.9151
121.252
119.7442
128.9716
123.7531
125.8573
123.2459
128.1612
131.1853
125.9973
133.5838
123.0873
131.8572
136.137
130.5728
139.1594
133.044
134.5925
134.4935
136.0621
139.3911
137.0599
141.098
137.846
146.5541
135.9874
143.2105
141.3256
141.7337
144.9744
138.4635
149.4135
143.9877
149.0486
145.1393
148.91
143.9687
151.9693
142.2058
151.3722
146.6953
151.7845
147.4336
151.3518
147.4673
153.8566
149.5795
156.6869
152.0388
155.2371
151.5109
157.8872
159.782
155.3367
156.0633
156.3717
157.2762
160.2544
156.6975
165.8506
156.1415
164.2755
156.6133
164.8148
159.2419
163.388
158.9712
163.7219
159.5427
162.9064
156.928
166.7734
161.5556
170.0552
158.1992
169.3678
159.9077
171.6292
167.5042
170.3915
164.9606
166.832
165.763
162.8231
167.2902
159.1554
167.5937
168.0732
172.1195
164.692
170.0868
169.2172
174.28
168.2592
170.5165
165.6311
168.9464
167.2282
158.9562
164.9696
164.7363
170.8591
170.1313
173.8542
168.0933
179.3309
172.4901
174.784
173.2684
167.0275
172.6383
172.9127
177.5641
169.8801
176.3559
172.6953
177.0692
173.4454
173.0902
175.2532
168.6145
174.1976
171.9611
178.0322
174.614
174.5673
177.327
174.444
178.0114
174.6332
180.7162
177.6103
183.2076
175.2269
174.9007
178.7326
168.2117
179.8778
172.2154
183.0677
172.5103
177.247
176.889
168.4101
180.1168
174.8446
185.7241
174.8751
186.0833
176.6928
175.8411
177.1681
176.7079
182.7854
179.425
184.2168
180.0007
176.4043
181.3387
178.3064
184.0655
180.935
187.3275
183.8731
179.3176
184.5656
175.5465
186.1734
177.6204
189.1942
178.7917
181.498
183.5049
177.3341
181.9693
180.1802
186.0982
181.4559
176.2105
179.9161
178.2632
184.2889
178.6792
184.4237
181.2208
175.1617
185.3007
178.3805
189.2832
182.2455
187.6663
184.7363
177.4301
183.2276
183.963
187.7487
182.2464
178.3062
186.2573
181.1707
189.6127
178.7081
189.7717
179.3093
179.9678
186.2714
178.9738
189.3549
181.7659
192.2435
180.0383
179.7182
182.6898
180.0713
185.4832
179.4604
186.9608
186.1279
177.8164
185.4324
176.9146
185.9113
177.114
184.7919
172.5389
181.4934
172.5106
172.456
169.5736
165.481
164.5277
164.0335
163.0854
167.5471
154.174
162.3182
151.3394
158.9093
155.4895
154.2012
146.3358
151.422
143.4417
145.0971
144.1322
139.4203
145.8268
131.8984
137.3091
134.229
131.0604
137.0073
128.6785
128.1231
127.3878
128.8734
129.3101
122.5033
125.9528
126.8792
119.4201
124.1306
117.776
118.9341
122.8848
116.3467
114.2224
123.1459
119.8737
122.8799
125.1491
127.6524
131.2287
126.0045
128.1817
127.1588
133.3186
134.6325
131.6536
140.7839
130.2995
139.0477
134.4105
137.3268
137.5967
140.7643
146.1819
140.8596
145.5064
141.0907
149.2076
139.0056
147.6955
139.076
148.1712
146.8047
146.101
148.758
146.3618
155.5059
151.0942
155.4009
148.7087
153.1588
147.8839
158.1794
147.8819
157.8467
151.6968
157.0696
152.7941
156.8466
153.2222
157.2507
152.6966
162.278
154.6893
163.8191
153.8489
161.7518
158.1644
159.5599
151.8859
153.2208
147.3681
154.2764
148.0223
149.4215
149.0565
142.2278
149.346
140.0181
144.9278
137.7842
137.5919
141.6879
135.8205
136.8472
132.3962
130.1347
132.3619
128.3912
128.9222
123.6263
129.2501
129.2634
123.8262
127.4961
121.7635
117.995
123.6011
115.1277
114.744
120.3825
110.7497
110.1409
116.3704
107.3043
112.6269
113.8916
106.6379
109.0356
108.2271
99.73347
104.4529
110.6469
97.75473
106.2142
115.7196
110.4453
113.7896
115.8564
116.4964
120.3691
116.5374
124.3954
126.4389
119.7377
129.001
119.8737
129.075
133.2215
128.3074
136.9364
130.2459
133.0161
128.7862
129.8113
137.8649
134.6836
138.4295
133.935
142.2535
132.1888
140.8076
139.642
138.0705
147.7871
138.5074
148.736
144.3093
148.1986
143.1454
145.7015
143.9819
151.8755
140.5393
148.5259
144.3617
148.7627
151.6278
148.8847
151.5004
151.8135
154.6202
152.4132
157.2603
156.5305
158.2405
155.8767
164.3993
154.4346
161.3878
146.885
155.1431
149.0127
149.761
144.6514
144.7595
141.8282
142.9227
144.6698
138.6416
143.0926
129.9289
136.0439
138.9351
131.5981
138.3048
131.1411
129.1055
130.8143
124.9834
125.129
117.6717
121.8228
122.8915
116.7746
121.3928
119.6591
113.3016
119.4627
118.055
113.5921
118.165
112.6508
107.5418
113.6008
110.2924
112.4762
112.7121
107.7848
109.587
108.8651
104.525
104.0257
109.2495
